$ANSIBLE_VAULT;1.1;AES256
64303233653062386438343034303464616565306364363831646235383138303936363737366635
3263653234383830656366356665396137613239323633620a396537353734393961623830623137
63646631666137623834636165643866373866396433653238383031356364663538626265613234
3661663233366538360a386534626237346336393135623665396530636534396239316638373834
31653835366265633864623165363937626632643133383632633232316439336636633537626230
63626161666262343033303962626365353033643935353439373763653638626331623334386338
61303735396436623034316465623864393566386464623635306666366261626166316561663431
34616435383639343738363462643835346436633636383333323764646433613662383639656265
62646664336238626463313966303063666135656363643561326333386339666132303236346164
31663263623563613839316365323661306661613935303536333432383736663139303861666138
63376665346434323361653664353537316637306236396666366233616562366662656432303364
63376138623630646532613332306332323736623132646633303439626530313238656264353462
38663331633963323939666332303063313731623234326437663865653366386331356330323461
63353438646133653038313364356633623932356165353562633831333631613666623235386665
61613064643637333930633065343135616439343765346632323937383961653939363062393366
34333836396462373665
